4 3
1 3
2 1 2
1 4

4 3
1 3
2 2 1
1 4




20 7 3 4 3 2 2 12 11 4 8 7 6 5 3 14 1 13 2 10 9 5 20 19 18 17 16 1 15 

20 7 3 4 3 2 2 12 11 4 8 7 6 5 3 14 13 1 2 10 9 5 20 19 18 17 16 1 15 

20 7 3 4 3 2 1 12 4 8 7 6 5 3 14 13 1 2 10 9 5 20 19 18 17 16 2 15 11 

20 7 3 4 3 2 2 12 11 4 8 7 6 5 3 1 14 13 2 10 9 5 20 19 18 17 16 1 15 

4 3 1 3 2 1 2 1 4 

4 3 1 3 2 2 1 1 4

60 6
6 60 59 58 57 56 58 57 56 55 54
6 53 52 51 50 49 48 47 46 45 44
6 43 42 41 40 39 38 37 36 35 34
6 33 1 31 29 28 27 26 25 24 23 
6 22 21 20 19 18 17 16 15 14 13
6 12 11 10 9  8  7  6  5  4  3
2 32 2


0 0
